  sec Cur ops   started  finished  avg MB/s  cur MB/s last lat(s)  avg lat(s)
    0       0         0         0         0         0  -  0
    1      63     50834     50771   198.278   198.324 0.000582785  0.00125695
    2      63    103708    103645   202.396   206.539   0.0015422  0.00123201
    3      63    155841    155778   202.804   203.645 0.000775017  0.00122979
    4      63    208771    208708   203.786   206.758 0.000559624  0.00122386
    5      63    262253    262190   204.807   208.914  0.00106541  0.00121798
    6      63    314446    314383   204.648   203.879  0.00202174  0.00121892
    7      63    376414    376351    209.99   242.062  0.00131612  0.00118795
    8      63    440667    440604   215.111   250.988  0.00128817  0.00115968
    9      63    498842    498779   216.456   227.246  0.00163352  0.00115245
   10      63    558583    558520   218.145   233.363  0.00134996  0.00114353
   11      63    610348    610285   216.694   202.207  0.00213054  0.00115115
   12      63    663388    663325     215.9   207.188  0.00166769  0.00115543
   13      63    716718    716655   215.315    208.32 0.000674636   0.0011586
   14      63    769498    769435    214.66   206.172 0.000524015  0.00116214
   15      63    821691    821628    213.94   203.879  0.00191443  0.00116605
   16      63    873484    873421   213.212   202.316 0.000210421  0.00117004
   17      63    925308    925245   212.577   202.438  0.00146975  0.00117354
   18      63    977796    977733   212.157   205.031  0.00150707  0.00117589
   19      63   1030112   1030049   211.745   204.359 0.000504414  0.00117818
2026-09-25T15:26:04.001126+0800 min lat: 9.1371e-05 max lat: 0.00962879 avg lat: 0.00118122
  sec Cur ops   started  finished  avg MB/s  cur MB/s last lat(s)  avg lat(s)
   20      63   1081523   1081460   211.198   200.824   0.0019387  0.00118122
   21      63   1133307   1133244   210.772   202.281  0.00107823  0.00118364
   22      63   1184635   1184572   210.304     200.5 0.000982478  0.00118626
   23      63   1235531   1235468   209.804   198.812  0.00195365   0.0011891
   24      63   1288653   1288590   209.707   207.508  0.00167106  0.00118965
   25      63   1339448   1339385   209.255   198.418   0.0019119  0.00119222
Total time run:       26.0007
Total reads made:     1390200
Read size:  4096
Object size:  4096
Bandwidth (MB/sec):   208.858
Average IOPS:         53467
Stddev IOPS:  3533.37
Max IOPS:  64253
Min IOPS:  50771
Average Latency(s):   0.00119452
Max latency(s):       0.00962879
Min latency(s):       9.1371e-05
